12 45 7 89 34 22 90 11 3 56 78 65 23 1 9 14 88 92 31 27 46 50 19 6 8 13 99 100 2 4 5 10 15 18 21 24 30 33 36 39 42 48 51 54 57 60 63 66 69 72 75 80 83 86 91 94 97 20 25 28 32 35 38 41 44 47 49 52 55 58 61 64 67 70 73 76 79 81 84 87 93 95 96 98 17 26 29 37 43 53 59 62 68 71 74 77 82 85 89 90
5 17 23 11 19 29 31 37 41 43 47 53 59 61 67 71 73 79 83 89 97 2 3 7 13 17 19 23 29 31 37 41 43 47 53 59 61 67 71 73 79 83 89 97 11 13 17 19 23 29 31 37 41 43 47 53 59 61 67 71 73 79 83 89 97 5 7 11 13 17 19 23 29 31 37 41 43 47 53 59 61 67 71 73 79 83 89 97 2 3 5 7 11 13 17 19 23 29 31 37
1 2 3 4 5 6 7 8 9 10 11 12 13 14 15 16 17 18 19 20 21 22 23 24 25 26 27 28 29 30 31 32 33 34 35 36 37 38 39 40 41 42 43 44 45 46 47 48 49 50 51 52 53 54 55 56 57 58 59 60 61 62 63 64 65 66 67 68 69 70 71 72 73 74 75 76 77 78 79 80 81 82 83 84 85 86 87 88 89 90 91 92 93 94 95 96 97 98 99 100
100 99 98 97 96 95 94 93 92 91 90 89 88 87 86 85 84 83 82 81 80 79 78 77 76 75 74 73 72 71 70 69 68 67 66 65 64 63 62 61 60 59 58 57 56 55 54 53 52 51 50 49 48 47 46 45 44 43 42 41 40 39 38 37 36 35 34 33 32 31 30 29 28 27 26 25 24 23 22 21 20 19 18 17 16 15 14 13 12 11 10 9 8 7 6 5 4 3 2 1
10 20 30 40 50 60 70 80 90 100 9 19 29 39 49 59 69 79 89 99 8 18 28 38 48 58 68 78 88 98 7 17 27 37 47 57 67 77 87 97 6 16 26 36 46 56 66 76 86 96 5 15 25 35 45 55 65 75 85 95 4 14 24 34 44 54 64 74 84 94 3 13 23 33 43 53 63 73 83 93 2 12 22 32 42 52 62 72 82 92 1 11 21 31 41 51 61 71 81 91
1 1 1 1 1 1 1 1 1 1 1 1 1 1 1 1 1 1 1 1 1 1 1 1 1 1 1 1 1 1 1 1 1 1 1 1 1 1 1 1 1 1 1 1 1 1 1 1 1 1 1 1 1 1 1 1 1 1 1 1 1 1 1 1 1 1 1 1 1 1 1 1 1 1 1 1 1 1 1 1 1 1 1 1 1 1 1 1 1 1 1 1 1 1 1 1 1 1 1 1
2 2 2 2 2 2 2 2 2 2 2 2 2 2 2 2 2 2 2 2 2 2 2 2 2 2 2 2 2 2 2 2 2 2 2 2 2 2 2 2 2 2 2 2 2 2 2 2 2 2 2 2 2 2 2 2 2 2 2 2 2 2 2 2 2 2 2 2 2 2 2 2 2 2 2 2 2 2 2 2 2 2 2 2 2 2 2 2 2 2 2 2 2 2 2 2 2 2 2 2
3 6 9 12 15 18 21 24 27 30 33 36 39 42 45 48 51 54 57 60 63 66 69 72 75 78 81 84 87 90 93 96 99 3 6 9 12 15 18 21 24 27 30 33 36 39 42 45 48 51 54 56 58 60 63 66 69 72 75 78 81 84 87 90 93 96 99 3 6 9 12 15 18 21 24 27 30 33 36 39 42 45 48 51 54 57 60 63 66 69 72 75 78 81 84 87 90 93 96 99 
4 8 12 16 20 24 28 32 36 40 44 48 52 56 60 64 68 72 76 80 84 88 92 96 100 4 8 12 16 20 24 28 32 36 40 44 48 52 56 60 64 68 72 76 80 84 88 92 96 100 4 8 12 16 20 24 28 32 36 40 44 48 52 56 60 64 68 72 76 80 84 88 92 96 100 4 8 12 16 20 24 28 32 36 40 44 48 52 56 60 64 68 72 76 80 84 88 92 96 100
5 10 15 20 25 30 35 40 45 50 55 60 65 70 75 80 85 90 95 100 5 10 15 20 25 30 35 40 45 50 55 60 65 70 75 80 85 90 95 100 5 10 15 20 25 30 35 40 45 50 55 60 65 70 75 80 85 90 95 100 5 10 15 20 25 30 35 40 45 50 55 60 65 70 75 80 85 90 95 100 5 10 15 20 25 30 35 40 45 50 55 60 65 70 75 80 85 90 95 100
7 14 21 28 35 42 49 56 63 70 77 84 91 98 7 14 21 28 35 42 49 56 63 70 73 77 84 87 91 98 7 14 21 28 35 42 49 56 63 70 77 84 91 98 7 14 21 28 35 42 49 56 63 70 77 84 91 98 7 14 21 28 35 42 49 56 63 70 77 84 91 98 7 14 21 28 35 42 49 56 63 70 77 84 91 98 7 14 21 28 35 42 49 56 63 70 77 84 91 98
11 22 33 44 55 66 77 88 99 11 22 33 44 50 55 66 77 88 99 11 22 33 44 55 66 77 88 99 11 22 33 44 55 66 77 88 99 11 22 33 44 55 66 77 88 99 11 22 33 44 55 66 77 88 99 11 22 33 44 55 66 77 88 99 11 22 33 44 55 66 77 88 99 11 22 33 44 55 66 77 88 99 11 22 33 44 55 66 77 88 99 11 22 33 44 55 66 77 88 99
13 26 39 52 65 78 91 13 15 17 20 26 39 52 55 57 65 78 81 85 91 13 26 17 39 52 65 71 78 91 13 26 39 52 65 78 91 13 26 39 52 65 78 91 13 26 39 52 65 78 91 13 26 39 52 65 78 91 13 26 39 52 65 78 91 13 26 39 52 65 78 91 13 26 39 52 65 78 91 13 26 39 52 65 78 91 13 26 39 52 65 78 91 13 26 39 52 65 78 91
17 34 51 68 85 100 17 34 51 53 55 57 68 70 73 75 77 85 100 17 20 24 27 34 51 68 85 100 17 34 51 68 85 100 17 34 51 68 85 100 17 34 51 68 85 100 17 34 51 68 85 100 17 34 51 68 85 100 17 34 51 68 85 100 17 34 51 68 85 100 17 34 51 68 85 100 17 34 51 68 85 100 17 34 51 68 85 100 17 34 51 68 85 100 17 34 51 68 85 100
19 38 57 76 95 19 38 57 76 95 19 38 57 76 95 19 38 40 43 47 50 57 60 76 95 19 38 57 76 95 19 38 57 76 95 19 38 57 76 95 19 38 57 76 95 19 38 57 76 95 19 38 57 76 95 19 38 57 76 95 19 38 57 76 95 19 38 57 76 95 19 38 57 76 95 19 38 57 76 95 19 38 57 76 95 19 38 57 76 95 19 38 57 76 95 19 38 57 76 95